procs -----------memory---------- ---swap-- -----io---- -system-- ------cpu-----
 r  b   swpd   free   buff  cache   si   so    bi    bo   in   cs us sy id wa st
 5  0   5164 113380 119780 972956    1    4   989   562  229  765 15  3 82  0  0
 0  0   5164 100488 119780 972984    0    0     0     4  278 1778 22  4 74  0  0
 0  0   5164 100236 119780 972984    0    0     0     4  168  441  4  0 96  0  0
 0  0   5164 100236 119788 972976    0    0     0   628  147  364  3  0 96  1  0
 0  0   5164 100236 119788 972988    0    0     0     4  169  376  2  1 97  0  0
 0  0   5164 100236 119788 972988    0    0     0     4  283  428  2  3 95  0  0
 0  0   5164 100236 119788 972988    0    0     0     4  433  406  4  3 93  0  0
 0  0   5164 100236 119788 972988    0    0     0     4  140  382  4  1 95  0  0
 0  0   5164 100236 119788 972996    0    0     0    36  322  450  4  4 92  0  0
 0  0   5164  99984 119796 972996    0    0     0    56  151  355  3  1 96  0  0
 0  0   5164  99984 119796 972996    0    0     0     4  492  424  4  5 91  0  0
 0  0   5164  99984 119796 972996    0    0     0     4  240  432  4  3 93  0  0
 0  0   5164  99984 119796 973000    0    0     0     4  271  377  3  1 96  0  0
 0  0   5164  99984 119796 973000    0    0     0     4  406  363  3  6 91  0  0
 0  0   5164  99984 119804 973000    0    0     0    56  304  384  2  2 96  0  0
 0  0   5164  99984 119804 973000    0    0     0     4  321  759  8  4 88  0  0
 0  0   5164  99984 119804 973008    0    0     0     4  238  594  5  1 94  0  0
 0  0   5164  99984 119804 973008    0    0     0     4  764  440  3  9 88  0  0
 0  0   5164  99984 119804 973008    0    0     0     4  168  324  2  1 97  0  0
 0  0   5164  99984 119812 973008    0    0     0    56  265  358  4  1 95  0  0
 0  0   5164  99984 119812 973012    0    0     0     4  479  412  2  4 94  0  0
 0  0   5164 100448 119828 972996    0    0     0   384  363  402  3  3 94  0  0
 0  0   5164 100196 119828 973012    0    0     0     4  171  379  2  1 97  0  0
 0  0   5164 100196 119828 973012    0    0     0     4  548  404  3  8 89  0  0
 0  0   5164 100196 119828 973020    0    0     0    12  328  390  3  5 92  0  0
 0  0   5164 100196 119828 973020    0    0     0     4  166  357  2  1 97  0  0
 0  0   5164  99944 119844 973056    0    0     0   136  491  439  3  6 91  0  0
 0  0   5164  99944 119844 973056    0    0     0     4  162  332  1  1 98  0  0
 0  0   5164  99692 119844 973060    0    0     0     4  267  384  3  2 95  0  0
 0  0   5164  99692 119844 973060    0    0     0     4  232  388  3  2 95  0  0
 0  0   5164  99692 119844 973064    0    0     0     4  566  449  3 10 87  0  0
 0  0   5164  99692 119852 973056    0    0     0    72  160  347  2  2 96  0  0
 0  0   5164  99440 119852 973068    0    0     0     4  296  408  3  2 95  0  0
 0  0   5164  99440 119852 973068    0    0     0     4  448  427  3  5 92  0  0
 0  0   5164  99440 119852 973068    0    0     0   324  387  367  3  3 94  0  0
 0  0   5164  99440 119852 973068    0    0     0     4  368  408  2  4 94  0  0
 0  0   5164  99440 119860 973072    0    0     0    64  154  359  2  2 96  0  0
 0  0   5164  99188 119860 973076    0    0     0     4  428  387  3  3 94  0  0
 0  0   5164  99188 119860 973076    0    0     0     4  214  358  2  1 97  0  0
 0  0   5164  99188 119864 973072    0    0     0    84  229  352  3  2 95  0  0
 0  0   5164  99188 119864 973080    0    0     0     4  456  378  3  3 94  0  0
 0  0   5164  98936 119872 973072    0    0     0    68  262  361  3  1 96  0  0
 0  0   5164  98936 119872 973080    0    0     0     4  215  375  1  1 98  0  0
 0  0   5164  98936 119872 973080    0    0     0     4  111  313  2  1 97  0  0
 0  0   5164  98652 119872 973088    0    0     0     4  534  437  2  5 93  0  0
 0  0   5164  98652 119872 973088    0    0     0     4  167  338  2  1 97  0  0
 0  0   5164  98652 119880 973092    0    0     0    56  253  367  2  3 95  0  0
 0  0   5164  98368 119880 973092    0    0     0     4  396  361  2  2 96  0  0
 0  0   5164  98400 119880 973096    0    0     0     4  388  392  3  4 93  0  0
 0  0   5164  98148 119880 973100    0    0     0     8  161  336  1  0 99  0  0
 0  0   5164  98148 119880 973096    0    0     0     4  737  403  2  7 91  0  0
 0  0   5164  98148 119888 973088    0    0     4    60  279  418  5  8 87  0  0
 0  0   5164  98148 119888 973100    0    0     4     4  415  410  5  8 86  1  0
 0  0   5164  98148 119888 973100    0    0     4     4  250  361  2  1 97  0  0
 0  0   5164  98148 119888 973104    0    0     4     4  408  383  2  4 94  0  0
 0  0   5164  98148 119888 973104    0    0     4     4  259  373  3  1 96  0  0
 0  0   5164  97896 119896 973108    0    0     4    56  540  450  4  7 89  0  0
 0  0   5164  97896 119896 973108    0    0     4     4  232  379  5  2 93  0  0
 0  0   5164  97896 119896 973108    0    0     4     4  171  363  6  3 91  0  0
 0  0   5164  97888 119896 973116    0    0     4     4  459  376  3  6 91  0  0
 0  0   5164  97888 119896 973120    0    0     4    40  264  382  4  1 95  0  0
 0  0   5164  97888 119912 973156    0    0     4   120  351  390  2  3 95  0  0
 0  0   5164  97888 119912 973120    0    0     4     4  461 1044 10  5 85  0  0
 0  0   5164  97888 119912 973120    0    0     4     4  733  435  6 13 81  0  0
 0  0   5164  97888 119912 973128    0    0     4     4  181  352  2  2 96  0  0
 0  0   5164  97824 119912 973128    0    0     4   348  689  485  4 10 86  0  0
 0  0   5164  97856 119920 973128    0    0     8    84  392  382  1  4 95  0  0
 0  0   5164  97856 119920 973128    0    0     4     4  164  361  4  0 96  0  0
 0  0   5164  97604 119920 973132    0    0     4     4  476  406  3  5 92  0  0
 0  0   5164  97604 119920 973132    0    0     4     4  388  381  5  4 91  0  0
 0  0   5164  97604 119920 973132    0    0     4    20  442  407  4  3 93  0  0
 0  0   5164  97604 119928 973124    0    0     4    64  441  421  3  5 92  0  0
 0  0   5164  97604 119928 973140    0    0     4     4  511  761 13  7 79  0  0
 0  0   5164  97352 119928 973140    0    0     4     4  143  398  4  0 96  0  0
 0  0   5164  97352 119928 973140    0    0     4     4  536  405  4  6 90  0  0
 0  0   5164  97352 119928 973140    0    0     4    40  379  377  3  3 94  0  0
 4  0   5164  97100 119940 973152    0    0     8    80  201  371  2  1 96  1  0
 2  0   5164  96848 119940 973148    0    0     0     0  382  297  1  3 96  0  0
 0  0   5164  96848 119940 973148    0    0     4     4  691  480  3  9 88  0  0
 0  0   5164  96596 119940 973148    0    0     0     0  207  232  1  2 97  0  0
 0  0   5164  96596 119940 973156    0    0     4     4  228  373  2  2 96  0  0
 0  0   5164  96596 119948 973148    0    0     0    76  140  240  1  0 99  0  0
 0  0   5164  96596 119948 973156    0    0     4     4  242  376  3  2 95  0  0
 0  0   5164  96588 119948 973156    0    0     0     0  440  306  1  2 97  0  0
 1  0   5164  96588 119948 973168    0    0     4     4  212  358  2  2 96  0  0
 0  0   5164  96588 119948 973172    0    0     0     0  214  259  1  2 97  0  0
 1  0   5164  96588 119956 973172    0    0     4    56  221  371  3  0 97  0  0
 0  0   5164  96588 119956 973172    0    0     0     0  162  268  2  2 96  0  0
 0  0   5164  96336 119956 973176    0    0     4     4  152  361  2  0 98  0  0
 0  0   5164  96336 119956 973176    0    0     4     4  461  398  3  3 94  0  0
 0  0   5164  96336 119956 973180    0    0     4     4  180  353  2  0 98  0  0
 0  0   5164  96336 119956 973180    0    0     0     0  146  266  2  1 97  0  0
 1  0   5164  96336 119964 973184    0    0     4    56  368  449  3  3 94  0  0
 0  0   5164  96336 119964 973184    0    0     4     4  422  405  2  4 94  0  0
 0  0   5164  96336 119964 973184    0    0     4     4  387  356  2  3 95  0  0
 0  0   5164  96304 119964 973184    0    0     4   436  372  372  3  2 95  0  0
 0  0   5164  96052 119964 973192    0    0     4     4  261  384  2  1 97  0  0
 0  0   5164  96052 119972 973188    0    0     4    64  415  369  2  3 95  0  0
 0  0   5164  96052 119972 973192    0    0     8     4  199  367  4  0 96  0  0
 0  0   5164  96052 119972 973192    0    0     4     4  204  338  1  1 98  0  0
 0  0   5164  96052 119972 973204    0    0     4    28  404  373  2  3 95  0  0
 0  0   5164  96052 119972 973200    0    0     4     4  291  384  2  2 96  0  0
 0  0   5164  95800 119980 973200    0    0     8    68  228  380  3  0 97  0  0
 1  0   5164  95800 119980 973200    0    0     8     4  110  310  3  0 97  0  0
 0  0   5164  95800 119980 973204    0    0     8     4  490  416  1  7 92  0  0
 0  0   5164  95800 119980 973204    0    0     8     4  231  376  3  1 96  0  0
 1  0   5164  95548 119980 973208    0    0     8     4  248  374  3  1 96  0  0
 0  0   5164  95548 119988 973208    0    0     8    56  388  395  1  4 95  0  0
 0  0   5164  95540 119988 973220    0    0     8     4  357  384  3  3 94  0  0
 0  0   5164  88496 120004 973292    0    0    12    92  247 1019  8  4 87  1  0
 0  0   5164  88488 120004 973332    0    0     8     4  802  433  2  8 90  0  0
 0  0   5164  88236 120004 973332    0    0     8    52  292  376  4  2 94  0  0
 0  0   5164  88236 120004 973336    0    0     8     4  367  369  2  4 94  0  0
 0  0   5164  94136 120004 973336    0    0     8     4  257  416  4  2 94  0  0
 0  0   5164  93632 120004 973340    0    0     8     4  449  371  2  5 93  0  0
 0  0   5164  93632 120012 973340    0    0     8    64  262  415  3  2 95  0  0
 0  0   5164  93632 120012 973344    0    0     8     4  519  414  3  5 92  0  0
 0  0   5164  93632 120012 973344    0    0     8     4  238  343  1  2 97  0  0
 0  0   5164  93632 120012 973344    0    0     8     4  158  329  2  1 97  0  0
 0  0   5164  93632 120012 973344    0    0     8     4  490  401  3  6 91  0  0
 0  0   5164  87868 120020 973260    0    0     8    56  322  735  4  3 93  0  0
 0  0   5164  87868 120020 973260    0    0     8     4  396  391  3  3 94  0  0
 0  0   5164  87868 120036 973260    0    0     8   128  291  392  2  2 96  0  0
 0  0   5164  87868 120036 973260    0    0     8     4  775  459  3  8 89  0  0
 0  0   5164  93524 120036 973268    0    0     8     4  171  383  2  1 97  0  0
 0  0   5164  93524 120036 973268    0    0     8     4  663  407  3  4 93  0  0
 1  0   5164  93524 120036 973268    0    0     8   356  362  355  2  2 96  0  0
 0  0   5164  93524 120044 973268    0    0     8    84  180  351  2  1 97  0  0
 0  0   5164  93524 120044 973272    0    0     8     4  480  364  2  4 94  0  0
 1  0   5164  93524 120044 973272    0    0     8     4  318  360  3  3 94  0  0
 0  0   5164  93524 120044 973272    0    0     8     4  378  358  2  2 96  0  0
 0  0   5164  93524 120044 973272    0    0     8    20  374  389  1  3 96  0  0
 0  0   5164  93524 120052 973268    0    0     8    64  387  368  3  3 94  0  0
 1  0   5164  93524 120052 973276    0    0     8     4  164  325  2  0 98  0  0
 0  0   5164  93524 120052 973280    0    0     8     4  468  385  2  5 93  0  0
 0  0   5164  93524 120052 973280    0    0     8     4  383  349  2  2 96  0  0
 0  0   5164  93524 120052 973284    0    0     8     4  175  351  2  1 97  0  0
 0  0   5164  93524 120060 973284    0    0     8    56  474  423  3  4 92  1  0
 0  0   5164  93524 120060 973284    0    0     8     4  646  393  2  5 93  0  0
 0  0   5164  93524 120060 973284    0    0     8     4  229  345  2  1 97  0  0
 0  0   5164  93524 120060 973288    0    0     8     4  187  338  2  1 97  0  0
 1  0   5164  93524 120060 973288    0    0     8   448  199  381  3  1 96  0  0
 0  0   5164  93524 120068 973280    0    0     8    60  234  363  2  2 96  0  0
 0  0   5164  93524 120068 973296    0    0     8     4  439  379  3  3 94  0  0
 0  0   5164  93524 120068 973296    0    0     8     4  162  333  2  1 97  0  0
 1  0   5164  93524 120068 973296    0    0     8     4  248  382  3  2 95  0  0
 0  0   5164  93524 120068 973296    0    0     8     4  203  384  2  1 97  0  0
 0  0   5164  93272 120076 973300    0    0     8   100  178  365  2  1 97  0  0
 0  0   5164  93272 120076 973300    0    0     8     4  142  327  2  0 98  0  0
 0  0   5164  93272 120076 973300    0    0     8     4  496  410  2  4 94  0  0
 0  0   5164  93272 120076 973304    0    0     8     8  175  359  2  1 97  0  0
 1  0   5164  93272 120076 973304    0    0     8     4  156  356  3  0 97  0  0
 0  0   5164  93272 120084 973296    0    0    12    60  306  381  2  3 95  0  0
 0  0   5164  93272 120084 973308    0    0    12     4  392  391  4  5 91  0  0
 0  0   5164  93272 120084 973308    0    0    12     4  399  367  1  3 96  0  0
 0  0   5164  93272 120084 973312    0    0    12     4  372  421  3  3 94  0  0
 0  0   5164  93272 120084 973312    0    0    12     4  183  350  1  2 97  0  0
 0  0   5164  93272 120092 973312    0    0    12   448  462  400  2  4 94  0  0
 0  0   5164  93272 120092 973312    0    0    12     4  174  345  2  2 96  0  0
 0  0   5164  93272 120092 973316    0    0    12     4  248  370  3  1 96  0  0
 0  0   5164  93272 120092 973316    0    0    12     4  407  383  3  2 95  0  0
 0  0   5164  93272 120092 973320    0    0    12     4  243  360  2  3 95  0  0
 0  0   5164  93272 120100 973312    0    0    12    56  161  332  2  1 97  0  0
 0  0   5164  93272 120100 973324    0    0    16     4  122  320  2  0 98  0  0
 0  0   5164  93272 120100 973328    0    0    12     4  506  386  2  4 94  0  0
 0  0   5164  93272 120100 973328    0    0    12     4  205  366  2  2 96  0  0
 0  0   5164  93272 120100 973328    0    0    12     4  234  370  2  1 97  0  0
 0  0   5164  93272 120108 973332    0    0    12    84  453  397  3  3 94  0  0
 0  0   5164  93272 120108 973332    0    0    12     4  329  396  3  5 92  0  0
 0  0   5164  93272 120108 973332    0    0    12     4  159  342  2  0 98  0  0
 0  0   5164  93272 120108 973332    0    0    12     4  776  412  2  8 90  0  0
 0  0   5164  93272 120108 973336    0    0    12     4  224  369  2  2 96  0  0
 1  0   5164  93272 120116 973328    0    0    12    56  367  349  3  3 94  0  0
 1  0   5164  93272 120116 973340    0    0    12     4  277  358  2  1 97  0  0
 0  0   5164  92768 120116 973340    0    0    12     4  468  361  2  4 94  0  0
 0  0   5164  92768 120116 973344    0    0    12     4  252  389  2  0 98  0  0
 0  0   5164  92768 120116 973344    0    0    12     4  483  398  3  4 93  0  0
 0  0   5164  92768 120124 973344    0    0    12    72  275  411  4  1 95  0  0
 0  0   5164  92768 120124 973344    0    0    12     4  142  334  2  0 98  0  0
 0  0   5164  92768 120124 973348    0    0    12     4  447  369  3  3 94  0  0
 0  0   5164  92768 120124 973348    0    0    12     4  219  332  3  1 96  0  0
 1  0   5164  92768 120124 973348    0    0    12     4  414  382  3  3 94  0  0
 0  0   5164  92768 120140 973384    0    0    12   120  308  410  2  4 93  1  0
 0  0   5164  92768 120140 973356    0    0    12     4  853  529  3 10 86  0  0
 0  0   5164  92768 120140 973356    0    0    12     4  189  407  4  1 95  0  0
 0  0   5164  92768 120140 973356    0    0    12     4  626  429  2  7 91  0  0
 2  0   5164  92768 120140 973356    0    0    12     4  358  352  2  3 95  0  0
 3  0   5164  92768 120148 973360    0    0     0   424  194  273  2  0 98  0  0
 0  0   5164  92768 120148 973360    0    0    12     4  462  373  2  4 94  0  0
 0  0   5164  92768 120148 973360    0    0     0     0  514  848  8  5 87  0  0
 0  0   5164  92516 120148 973360    0    0    12     4  421  489  3  5 92  0  0
 0  0   5164  92516 120148 973364    0    0     0     0  425  295  4  4 92  0  0
 0  0   5164  92516 120148 973364    0    0    12     4  352  366  1  3 96  0  0
 0  0   5164  92516 120156 973364    0    0    12    64  151  360  4  0 96  0  0
 0  0   5164  92516 120156 973364    0    0    12     4  517  591  8  6 86  0  0
 0  0   5164  92516 120156 973372    0    0    16     4  407  462  4  2 94  0  0
 0  0   5164  92516 120156 973372    0    0    12     4  181  366  2  1 97  0  0
 0  0   5164  92516 120156 973372    0    0    12     4  472  405  3  5 92  0  0
 0  0   5164  92516 120164 973372    0    0    12    72  685  403  2  7 91  0  0
 0  0   5164  92516 120164 973376    0    0    12     4  232  354  3  3 94  0  0
 0  0   5164  92516 120164 973376    0    0    12     4  223  358  3  1 96  0  0
 0  0   5164  92516 120168 973380    0    0    12     8  190  381  3  0 97  0  0
 0  0   5164  92516 120168 973376    0    0    12     4  263  364  3  2 95  0  0
 0  0   5164  92264 120176 973384    0    0    16    80  474  406  2  6 92  0  0
 0  0   5164  92264 120176 973384    0    0    16     4  141  343  3  1 96  0  0
 0  0   5164  92012 120176 973384    0    0    16     4  222  396  1  1 98  0  0
 0  0   5164  92012 120176 973384    0    0    16     4  234  380  3  3 94  0  0
 0  0   5164  92012 120176 973388    0    0    16     4  135  329  2  2 96  0  0
 0  0   5164  92012 120184 973388    0    0    16   104  147  340  3  1 96  0  0
 0  0   5164  92012 120184 973388    0    0    16     4  477  400  2  4 94  0  0
 1  0   5164  92012 120184 973388    0    0    16     4  185  341  3  0 97  0  0
 0  0   5164  92012 120184 973392    0    0    16     4  171  367  2  2 96  0  0
 0  0   5164  92012 120184 973392    0    0    16     4  263  384  3  2 95  0  0
 0  0   5164  92012 120192 973392    0    0    16    88  412  408  2  4 94  0  0
 0  0   5164  92012 120192 973396    0    0    16     4  354  354  3  3 94  0  0
 0  0   5164  92012 120192 973400    0    0    16     4  367  386  2  5 93  0  0
 0  0   5164  91760 120192 973400    0    0    16     4  204  377  4  1 95  0  0
 0  0   5164  91760 120192 973400    0    0    16     4  436  398  3  3 94  0  0
 0  0   5164  91760 120200 973400    0    0    16   548  206  359  1  1 98  0  0
 0  0   5164  91760 120200 973404    0    0    16     4  247  366  4  2 94  0  0
 0  0   5164  91760 120200 973404    0    0    16     4  402  386  0  2 98  0  0
 0  0   5164  91760 120200 973404    0    0    16     4  271  391  4  3 93  0  0
 0  0   5164  91760 120200 973404    0    0    16     4  150  335  1  1 98  0  0
 0  0   5164  91760 120208 973408    0    0    16    64  134  344  1  1 98  0  0
 0  0   5164  91760 120208 973412    0    0    16     4  502  384  2  6 92  0  0
 0  0   5164  91760 120208 973412    0    0    16     4  189  354  3  0 97  0  0
 0  0   5164  91760 120208 973416    0    0    16     4  201  352  2  1 97  0  0
 0  0   5164  91760 120208 973420    0    0    16     4  398  396  3  2 95  0  0
 0  0   5164  91760 120216 973420    0    0    16    72  355  379  2  3 95  0  0
 0  0   5164  91760 120216 973420    0    0    16     4  145  332  2  0 98  0  0
 0  0   5164  91760 120216 973424    0    0    16     4  760  423  3  6 91  0  0
 0  0   5164  91256 120216 973424    0    0    16     4  226  360  4  1 95  0  0
 0  0   5164  91256 120216 973424    0    0    16     4  379  359  3  4 93  0  0
 0  0   5164  91256 120224 973424    0    0    16    64  281  364  3  2 95  0  0
 0  0   5164  91256 120224 973432    0    0    16     4  440  366  2  4 94  0  0
 0  0   5164  91256 120224 973432    0    0    16     4  252  384  2  1 97  0  0
 1  0   5164  91256 120224 973432    0    0    16     4  477  383  3  7 90  0  0
 0  0   5164  91256 120224 973432    0    0    16     4  247  393  4  2 94  0  0
 0  0   5164  91256 120232 973436    0    0    16    56  135  352  2  0 97  1  0
 0  0   5164  91256 120232 973436    0    0    16     4  496  393  2  6 92  0  0
 0  0   5164  91256 120232 973436    0    0    16     4  230  359  3  1 96  0  0
 0  0   5164  91256 120232 973436    0    0    16     4  361  388  2  3 95  0  0
 0  0   5164  91256 120232 973440    0    0    16     4  287  360  3  3 94  0  0
 0  0   5164  91004 120256 973480    0    0    16   148  784  505  4 10 86  0  0
 0  0   5164  91004 120256 973448    0    0    16    20  146  332  1  1 98  0  0
 0  0   5164  90752 120256 973448    0    0    16     4  605  444  3  6 91  0  0
 0  0   5164  90752 120256 973452    0    0    16     4  343  357  3  3 94  0  0
 0  0   5164  90752 120256 973452    0    0    16     4  184  380  4  0 96  0  0
 0  0   5164  90752 120264 973452    0    0    16    76  593  573  4  9 87  0  0
 0  0   5164  90752 120264 973452    0    0    16   440  516  647  6  4 90  0  0
 0  0   5164  90752 120264 973456    0    0    16     4  361  382  3  9 88  0  0
 0  0   5164  90752 120264 973460    0    0    16     8  418  402  3  4 93  0  0
 1  0   5164  90752 120264 973456    0    0    16     4  436  534  6  4 90  0  0
 0  0   5164  90752 120272 973448    0    0    20    72  164  488  5  1 94  0  0
 0  0   5164  90752 120272 973464    0    0    20     4  460  416  3  6 91  0  0
 0  0   5164  90752 120272 973464    0    0    20     4  370  366  3  2 95  0  0
 0  0   5164  90500 120272 973464    0    0    20     4  172  351  3  1 96  0  0
 0  0   5164  90248 120272 973464    0    0    20     4  494  417  3  6 91  0  0
 0  0   5164  90248 120280 973468    0    0    20    56  651  428  4  5 91  0  0
 0  0   5164  90248 120280 973468    0    0    20    20  223  344  2  2 96  0  0
 0  0   5164  90248 120280 973468    0    0    24     4  230  364  4  1 95  0  0
 0  0   5164  90248 120280 973468    0    0    20     4  184  356  2  1 97  0  0
 0  0   5164  90248 120280 973472    0    0    20     4  214  367  3  4 93  0  0
 0  0   5164  90248 120288 973464    0    0    20    64  475  436  2  7 91  0  0
 0  0   5164  90248 120288 973476    0    0    20     4  154  354  3  1 96  0  0
 0  0   5164  90248 120288 973476    0    0    20     4  248  387  3  2 95  0  0
 0  0   5164  90248 120288 973480    0    0    20     4  218  399  3  1 96  0  0
 0  0   5164  90248 120288 973480    0    0    20     4  120  331  3  0 97  0  0
 0  0   5164  90248 120296 973480    0    0    20    56  151  347  3  0 97  0  0
 0  0   5164  90248 120296 973480    0    0    20     4  527  413  2  5 93  0  0
 5  0   5164  90248 120296 973504    0    0    20     4  180  330  2  2 96  0  0
 2  0   5164  90248 120296 973484    0    0     0     0  150  278  1  1 98  0  0
 0  0   5164  90248 120296 973484    0    0    20     4  286  395  4  2 94  0  0
 0  0   5164  90248 120296 973484    0    0     0     0  431  306  1  3 96  0  0
 0  0   5164  89924 120304 973492    0    0    20    88  343  388  2  4 94  0  0
 0  0   5164  89924 120304 973492    0    0     0     0  320  276  2  3 95  0  0
 0  0   5164  89924 120304 973492    0    0    20     4  185  375  2  0 98  0  0
 1  0   5164  89924 120304 973492    0    0     0     0  401  262  1  4 95  0  0
 0  0   5164  89924 120304 973496    0    0    20     4  202  349  3  1 96  0  0
 0  0   5164  89924 120312 973496    0    0     0    68  242  255  1  1 98  0  0
 0  0   5164  89924 120312 973496    0    0    20   492  421  388  3  4 93  0  0
 0  0   5164  89924 120312 973496    0    0     0     0  229  269  2  3 95  0  0
 0  0   5164  89924 120312 973500    0    0    20     4  140  337  3  0 97  0  0
 0  0   5164  89924 120312 973500    0    0     0     0   96  211  2  0 98  0  0
 0  0   5164  89924 120320 973504    0    0    20    64  538  441  3  5 92  0  0
 0  0   5164  89924 120320 973504    0    0    20     4  178  345  2  0 98  0  0
 0  0   5164  89924 120320 973504    0    0     0     0  222  269  3  2 95  0  0
 0  0   5164  89924 120320 973508    0    0    20     4  387  374  4  2 94  0  0
 0  0   5164  89924 120320 973508    0    0    20     4  336  376  3  4 93  0  0
 0  0   5164  89924 120328 973508    0    0    20    56  155  331  3  0 97  0  0
 0  0   5164  89924 120328 973508    0    0    20    20  766  419  3  9 88  0  0
 0  0   5164  89924 120328 973512    0    0    20     4  199  360  3  0 97  0  0
 0  0   5164  89924 120328 973512    0    0    20     4  359  366  2  2 96  0  0
 0  0   5164  89924 120328 973512    0    0    20     4  288  399  3  2 95  0  0
 0  0   5164  89924 120336 973516    0    0    20    64  444  384  2  5 93  0  0
 0  0   5164  89924 120336 973520    0    0    20     4  250  358  3  1 96  0  0
 0  0   5164  89924 120336 973520    0    0    20     4  505  379  2  3 95  0  0
 0  0   5164  89924 120336 973520    0    0    20     4  279  390  7  3 90  0  0
 0  0   5164  89924 120336 973520    0    0    20     4  130  312  1  0 99  0  0
 0  0   5164  89924 120344 973524    0    0    20    56  482  395  3  5 91  1  0
 0  0   5164  89924 120344 973528    0    0    20     4  208  325  2  0 98  0  0
 0  0   5164  89924 120344 973528    0    0    20     4  352  338  2  3 95  0  0
 0  0   5164  89924 120344 973536    0    0    20     8  275  380  3  3 94  0  0
 0  0   5164  90144 120344 973536    0    0    20     4  773  479  2  8 90  0  0
 0  0   5164  90176 120368 973536    0    0    24   164  492  447  2  5 93  0  0
 0  0   5164  90176 120368 973536    0    0    24     4  111  290  2  0 98  0  0
 0  0   5164  90176 120368 973540    0    0    24     4  102  304  4  0 96  0  0
 1  0   5164  90144 120368 973540    0    0    24     4   88  290  1  0 99  0  0
 0  0   5164  90176 120368 973540    0    0    24     4   98  293  4  0 96  0  0
 0  0   5164  90176 120376 973540    0    0    24    80  119  297  2  0 98  0  0
